40 3
47983645 119916916 32577955 63434015 150817656 56572261 8588616 32533275 48028325 71977951 102834011 24038986 119961596 104511226 87383641 41121891 87428321 104555906 78839705 135411966 15405690 23949626 89105536 54850366 39399996 39444676 56527581 63389335 71933271 8543936 15450370 135367286 44680 72022631 23994306 47938965 6861754 17127585 30856060 120006276
47983645 15450370 71977951
13 3
61623328 19564017 100751362 81187345 57572948 4050380 23614397 85237725 77136965 104801742 43178414 38008931 124365759
19564017 81187345 23614397
61 5
104165046 89144826 175154209 184389094 163717424 50768986 230266451 183137776 121718145 196950183 290986638 16244905 201433824 76540232 288611016 375788208 55912067 55169118 57119880 17496223 178737644 3683816 122417589 105372859 124836716 282959566 69680969 90861008 136229996 310406990 123585398 129276852 69724474 231474264 23803612 44475282 49561173 110281360 198201501 97211902 216454044 109816496 129701712 111024309 303631236 168161061 144297072 55868562 95960584 2432498 34540953 271566286 75332419 83493376 249686803 35748766 122925958 36408206 91560452 20728546 169368874
52736620 73364785 72156972 87177192 40092022
13 2
65349725 34779210 33729351 163378942 129649591 94870381 68508561 99079076 64299866 4208695 193949457 30570515 132808427
64299866 30570515
67 8
204384698 201640505 145392464 122572222 35127819 158513573 177642155 37090904 16862345 174146624 182040124 180123687 177353056 5208443 153092045 73908372 63945334 151710490 42972958 36913692 91871738 262661234 148136657 45361194 44770104 10010730 64489776 148917765 132119498 37872012 119733020 18713660 129375305 178056033 39148998 211545622 180848758 16401671 149189986 230778773 121010006 7266537 20948966 100237037 151661958 36404805 33660612 76652565 62159461 124630316 161257766 180800226 102904983 7952636 75949588 90592868 119779497 18376029 47514297 18204773 7775424 34807066 62733470 64903654 233522966 17501796 102981230
84605201 29138268 81861008 84700210 55194712 50701734 413878 13515821
0 0
